with_sora-pld_schedule_paca1_pld12_rep0:
- epoch: 1
  train_time_cum: 26.351351874996908
  loss: 3.4656798079207136
  accuracy: 0.04939106901217862
with_sora-pld_schedule_paca1_pld12_rep1:
- epoch: 1
  train_time_cum: 26.607296707996284
  loss: 3.452574432218397
  accuracy: 0.016914749661705007
with_sora-pld_schedule_paca1_pld12_rep2:
- epoch: 1
  train_time_cum: 31.692437292003888
  loss: 3.460605626492887
  accuracy: 0.012178619756427604
