with_sora-pld_schedule_paca1_pld12_rep0:
- epoch: 1
  train_time_cum: 27.162751124997158
  loss: 3.4521217333303915
  accuracy: 0.028416779431664412
with_sora-pld_schedule_paca1_pld12_rep1:
- epoch: 1
  train_time_cum: 25.70309287499549
  loss: 3.454741958669714
  accuracy: 0.03112313937753721
with_sora-pld_schedule_paca1_pld12_rep2:
- epoch: 1
  train_time_cum: 27.221745167000336
  loss: 3.465083173803381
  accuracy: 0.03247631935047361
